1 1 
1 2 
1 5 
1 6 
1 7 
1 3 
1 8 
1 4 
5 1 
5 9 
5 10 
5 11 
5 12 
5 13 
5 14 
5 15 
5 16 
5 17 
5 18 
5 19 
5 7 
5 8 
6 1 
6 20 
6 12 
6 13 
6 21 
6 22 
6 23 
6 24 
6 25 
6 7 
6 8 
7 1 
7 5 
7 26 
7 27 
7 23 
7 28 
7 29 
7 30 
7 18 
7 31 
7 32 
7 8 
8 1 
8 5 
8 33 
8 34 
8 35 
8 21 
8 36 
8 37 
8 32 
8 7 
10 30 
10 18 
10 19 
10 32 
10 7 
10 8 
11 5 
12 1 
12 5 
12 7 
12 8 
13 1 
13 5 
13 10 
13 19 
13 7 
13 8 
18 7 
18 8 
19 1 
19 5 
19 7 
19 8 
20 1 
20 10 
20 26 
20 12 
20 13 
20 27 
20 21 
20 22 
20 23 
36 32 
36 7 
36 8 
38 39 
38 40 
38 41 
38 42 
38 43 
38 44 
38 45 
38 46 
38 47 
38 48 
40 38 
40 39 
40 49 
40 50 
40 51 
40 41 
40 52 
40 42 
40 53 
40 54 
40 55 
40 56 
40 57 
40 58 
40 59 
40 60 
40 43 
40 44 
40 61 
40 62 
40 45 
40 63 
40 46 
40 64 
40 65 
40 66 
40 67 
40 68 
40 47 
40 48 
41 69 
41 70 
41 71 
41 72 
41 73 
41 74 
41 75 
41 76 
41 77 
41 78 
41 79 
41 80 
41 81 
41 82 
41 83 
41 84 
41 85 
41 86 
41 87 
41 88 
41 89 
41 90 
41 91 
41 92 
42 38 
42 39 
42 49 
42 40 
42 93 
42 41 
42 52 
42 54 
42 94 
42 55 
42 56 
42 57 
42 43 
42 44 
42 95 
42 45 
42 46 
42 64 
42 96 
42 97 
42 68 
42 47 
42 48 
43 38 
43 39 
43 40 
43 41 
43 52 
43 42 
43 94 
43 57 
43 44 
43 95 
43 45 
43 46 
43 96 
43 67 
43 68 
43 47 
43 48 
44 38 
44 39 
44 49 
44 50 
44 51 
44 40 
44 93 
44 41 
44 52 
44 42 
44 53 
44 94 
44 57 
44 58 
44 60 
44 43 
44 61 
44 62 
44 45 
44 63 
44 46 
44 96 
44 65 
44 47 
44 48 
45 98 
45 39 
45 99 
45 40 
45 41 
45 42 
45 100 
45 101 
45 102 
45 103 
45 104 
45 43 
45 44 
45 105 
45 106 
45 107 
45 46 
45 108 
45 47 
45 48 
45 109 
46 38 
46 39 
46 49 
46 50 
46 51 
46 40 
46 93 
46 41 
46 52 
46 42 
46 53 
46 54 
46 94 
46 55 
46 56 
46 57 
46 58 
46 59 
46 60 
46 43 
46 44 
46 61 
46 62 
46 95 
46 45 
46 63 
46 64 
46 96 
46 65 
46 66 
46 97 
46 67 
46 68 
46 47 
46 48 
47 38 
47 39 
47 49 
47 50 
47 51 
47 40 
47 93 
47 41 
47 52 
47 42 
47 53 
47 54 
47 57 
47 58 
47 60 
47 43 
47 44 
47 61 
47 62 
47 95 
47 45 
47 63 
47 46 
47 96 
47 66 
47 97 
47 48 
48 39 
48 50 
48 51 
48 40 
48 93 
48 41 
48 52 
48 42 
48 53 
48 58 
48 60 
48 43 
48 44 
48 62 
48 95 
48 45 
48 63 
48 46 
48 65 
48 47 
49 39 
49 40 
49 41 
49 42 
49 43 
49 44 
49 45 
49 46 
49 47 
49 48 
50 39 
50 40 
50 41 
50 42 
50 43 
50 44 
50 45 
51 46  
51 47 
51 48 
52 39 
52 40 
52 41 
52 42 
52 54 
52 43 
52 44 
52 45 
52 46 
52 96 
52 47 
52 48 
53 39 
53 40 
53 41
56 46 
56 66 
56 47 
56 48 
57 39 
57 40 
57 41 
57 42 
57 43 
57 44 
57 45 
57 46 
57 47 
57 48 
58 39 
58 40 
58 41 
58 42 
58 43 
58 44 
58 45 
58 46 
58 47 
58 48 
59 39 
59 40 
59 41 
59 42 
59 43 
59 44 
59 45 
59 46 
59 66 
59 47 
59 48 
60 39 
60 40 
60 41 
60 42 
60 43 
60 44 
60 61 
60 45 
60 63 
60 46 
60 47 
60 48 
61 39 
62 47 
62 48 
63 39 
63 40 
63 41 
63 42 
63 43 
63 44 
63 45 
63 46 
63 47 
63 48 
64 39 
64 40 
64 41 
64 42 
64 56 
64 59 
64 43 
64 44 
64 45 
64 46 
64 66 
64 47 
64 48 
66 39 
66 40 
66 41 
66 42 
66 57 
66 43 
66 44 
66 45 
66 46 
84 72 
84 73 
84 76 
84 77 
84 78 
84 79 
84 80 
84 83 
84 87 
84 88 
84 89  
84 91 
85 74 
85 41 
87 69 
87 70 
87 71 
87 72 
87 73 
87 76 
87 77 
87 78 
87 79 
87 80 
87 83 
87 84 
87 88 
87 89 
90 76 
90 77 
90 78 
90 79 
90 80 
90 83 
90 84 
90 87 
90 88 
90 89 
90 91 
91 69 
91 70 
94 40 
94 41 
94 42 
94 43 
94 44 
94 45 
94 46 
94 47 
94 48 
95 39 
95 40 
95 41 
95 42 
95 43 
95 44 
95 45 
95 46 
95 47 
95 48 
96 39 
96 40 
96 41 
96 42 
96 94 
96 43 
96 44 
96 45 
96 46 
96 47 
96 48 
97 39 
97 40 
97 41 
97 42 
97 43 
97 44 
97 45 
97 46 
97 47 
97 48 
98 39 
98 40 
98 41 
98 42  
98 57 
98 43 
98 44 
98 45 
98 46 
98 64 
98 47 
98 48 
99 39 
99 40 
99 41 
99 42  
99 57 
99 43 
99 44 
99 45 
99 46 
99 64 
99 47 
99 48 
100 43 
100 44 
100 45 
100 46 
100 64 
100 47 
100 48 
101 39 
102 44 
102 45 
102 46 
102 64 
102 47 
102 48  
103 39 
103 40 
103 41 
103 42 
103 43 
103 44 
103 45 
103 46 
103 64 
103 47 
103 48 
104 39 
104 40 
104 41  
109 46 
109 64 
109 47 
109 48 
110 111 
110 112 
110 113 
110 114 
110 115 
110 116 
110 117 
110 118 
110 119 
110 120 
110 121 
111 110 
111 112 
111 113 
111 114 
111 115 
111 116 
111 122 
111 123 
111 124 
111 125 
111 117 
111 118 
111 119 
111 120 
111 126 
111 121 
111 127 
112 110 
112 111 
112 113 
112 114 
112 115 
112 116 
112 117 
112 118 
112 119 
112 120 
112 121 
113 110 
113 111 
113 112 
113 114 
113 115 
113 116 
113 117 
113 118 
113 119 
113 120 
113 121 
114 110 
114 111 
114 112 
114 113 
114 115 
114 116 
114 122 
114 123 
114 124 
114 125 
114 117 
114 118 
114 119 
114 120 
114 126 
114 121 
114 127 
115 110 
115 111 
115 112 
115 128 
115 113 
115 114 
115 129 
115 116 
115 117 
115 118 
115 119 
115 120 
115 121 
116 110 
116 111 
116 112 
116 113 
116 114 
116 115 
116 117 
116 118 
116 119 
116 120 
116 121 
117 110 
117 111 
117 112 
117 113 
117 114 
117 115 
117 116 
117 118 
117 119 
117 120 
117 130 
117 131 
117 121 
118 110 
118 111 
118 112 
118 113 
118 114 
118 115 
118 116 
118 117 
118 119 
118 120 
118 121 
118 132 
119 133 
119 134 
119 135 
119 136 
119 137 
119 138 
119 139 
119 140 
119 141 
119 142 
119 143 
119 144 
119 145 
119 146 
119 147 
119 148 
119 149 
119 150 
119 151 
119 152 
119 153 
119 154 
120 110 
120 155 
120 111 
120 156 
120 112 
120 157 
120 113 
120 114 
120 115 
120 116 
120 117 
120 118 
120 119 
120 158 
120 159 
120 121 
120 160 
120 161 
121 110 
121 111 
121 112 
121 113 
121 114 
121 115 
121 116 
121 117 
121 118 
121 119 
121 120 
122 110 
122 111 
122 112 
122 113 
122 114 
122 115 
122 116 
122 117 
122 118 
122 119 
122 120 
122 121 
123 110 
123 111 
123 112 
123 113 
123 114 
123 115 
123 116 
123 117 
123 118 
123 119 
123 120 
123 121 
124 110 
124 111 
124 112 
124 113 
124 114 
124 115 
124 116 
124 117 
124 118 
124 119 
124 120 
124 121 
125 110 
125 111  
125 112 
125 113 
125 114 
125 115  
125 116 
125 117 
125 118 
125 119 
125 120 
125 121 
126 110 
126 111 
126 112 
126 113 
126 114 
126 115 
126 116 
126 117 
126 118 
126 119 
126 120 
126 121 
127 110 
127 111 
127 112 
127 113 
127 114 
127 115 
127 116 
127 117 
127 118 
127 119 
127 120 
127 121 
128 110 
128 111 
128 112 
128 113 
128 114 
128 115 
128 116 
128 117 
128 118 
128 119 
128 120 
128 121 
129 110 
129 111 
129 112 
129 113 
129 114 
129 115 
129 116 
129 117 
129 118 
129 119 
129 120 
129 121 
130 110 
130 111 
130 112 
130 113 
130 114 
130 115 
130 116 
130 117 
130 118 
130 119 
130 120 
130 121 
131 110 
131 111 
131 112 
131 113 
131 114 
131 115 
131 116 
131 117 
131 118 
131 119 
131 120 
131 121 
132 110 
132 111 
132 112 
132 113 
132 114 
132 115 
132 116 
132 117 
132 118 
132 119 
132 120 
132 121 
133 135 
133 136 
133 138 
133 139 
133 119 
133 145 


